
20 20 150 20
150 20 150 150
20 150 150 150
20 20 20 150
170 20 300 20
300 20 300 150
170 150 300 150
170 20 170 150
320 20 450 20
450 20 450 150
320 150 450 150
320 20 320 150
470 20 600 20
600 20 600 150
470 150 600 150
470 20 470 150
20 170 150 170
150 170 150 300
20 300 150 300
20 170 20 300
170 170 300 170
300 170 300 300
170 300 300 300
170 170 170 300
320 170 450 170
450 170 450 300
320 300 450 300
320 170 320 300
470 170 600 170
600 170 600 300
470 300 600 300
470 170 470 300
20 320 150 320
150 320 150 450
20 450 150 450
20 320 20 450
170 320 300 320
300 320 300 450
170 450 300 450
170 320 170 450
320 320 450 320
450 320 450 450
320 450 450 450
320 320 320 450
470 320 600 320
600 320 600 450
470 450 600 450
470 320 470 450
20 470 150 470
150 470 150 600
20 600 150 600
20 470 20 600
170 470 300 470
300 470 300 600
170 600 300 600
170 470 170 600
320 470 450 470
450 470 450 600
320 600 450 600
320 470 320 600
470 470 600 470
600 470 600 600
470 600 600 600
470 470 470 600
